{"cells":[{"cell_type":"markdown","metadata":{"id":"ByKNBvWHSFD5"},"source":["# **APPLIED STATISTICS PROJECT**"]},{"cell_type":"markdown","metadata":{"id":"pMfn6R4B3jvJ"},"source":["## **Supervised Analysis**"]},{"cell_type":"markdown","metadata":{"id":"Db_8Vjm8SFD8"},"source":["## Useful libraries and packages"]},{"cell_type":"code","execution_count":null,"metadata":{"id":"4vs3b-2dSFD8"},"outputs":[],"source":["import pandas as pd\n","import numpy as np\n","import matplotlib.pyplot as plt\n","import seaborn as sns\n","\n","import mudata\n","import scanpy as sc\n","import anndata as ad\n","\n","import pingouin as pg\n","\n","from sklearn.decomposition import PCA\n","from sklearn.preprocessing import StandardScaler\n","from sklearn.discriminant_analysis import QuadraticDiscriminantAnalysis\n","from sklearn.model_selection import train_test_split\n","from sklearn.svm import SVC\n","from sklearn.metrics import accuracy_score, classification_report\n","\n"]},{"cell_type":"markdown","metadata":{"id":"O37jCoqo3jvO"},"source":["## Discrimiant Analysis"]},{"cell_type":"code","execution_count":null,"metadata":{"id":"h1nFU5DUkg7d"},"outputs":[],"source":["# Load datasets prepared in the preprocessing script\n","scores_df = pd.read_csv('/Users/eli/Desktop/progetto applied/dataset_applied/rna_scores_30pcs.csv', index_col=0)\n","loadings_df = pd.read_csv(\"/Users/eli/Desktop/progetto applied/dataset_applied/rna_loadings_30pcs.csv\")\n","grouped_rna = pd.read_csv(\"/Users/eli/Desktop/progetto applied/dataset_applied/median_with_age.csv\")"]},{"cell_type":"code","execution_count":null,"metadata":{"id":"qdRwtVtkkg7e","outputId":"4148d870-6e41-43b1-fc61-0a23cab7171a"},"outputs":[{"name":"stdout","output_type":"stream","text":["(434, 33)\n","(36601, 31)\n"]}],"source":["# Check dimensions\n","print(scores_df.shape)\n","print(loadings_df.shape)"]},{"cell_type":"code","execution_count":null,"metadata":{"id":"I29DQi8Tkg7e","outputId":"e7fe4807-3071-48f2-f5d3-9683179b6da0"},"outputs":[{"data":{"text/html":["<div>\n","<style scoped>\n","    .dataframe tbody tr th:only-of-type {\n","        vertical-align: middle;\n","    }\n","\n","    .dataframe tbody tr th {\n","        vertical-align: top;\n","    }\n","\n","    .dataframe thead th {\n","        text-align: right;\n","    }\n","</style>\n","<table border=\"1\" class=\"dataframe\">\n","  <thead>\n","    <tr style=\"text-align: right;\">\n","      <th></th>\n","      <th>patient_id</th>\n","      <th>age</th>\n","      <th>cell_type</th>\n","      <th>PC1</th>\n","      <th>PC2</th>\n","      <th>PC3</th>\n","      <th>PC4</th>\n","      <th>PC5</th>\n","      <th>PC6</th>\n","      <th>PC7</th>\n","      <th>...</th>\n","      <th>PC21</th>\n","      <th>PC22</th>\n","      <th>PC23</th>\n","      <th>PC24</th>\n","      <th>PC25</th>\n","      <th>PC26</th>\n","      <th>PC27</th>\n","      <th>PC28</th>\n","      <th>PC29</th>\n","      <th>PC30</th>\n","    </tr>\n","  </thead>\n","  <tbody>\n","    <tr>\n","      <th>0</th>\n","      <td>SRR16208932</td>\n","      <td>Pediatric_AML</td>\n","      <td>B cell</td>\n","      <td>-11.941673</td>\n","      <td>4.346546</td>\n","      <td>0.998468</td>\n","      <td>-2.427639</td>\n","      <td>2.210926</td>\n","      <td>2.572245</td>\n","      <td>-1.495453</td>\n","      <td>...</td>\n","      <td>0.460158</td>\n","      <td>0.692598</td>\n","      <td>-0.066943</td>\n","      <td>-0.115917</td>\n","      <td>0.206061</td>\n","      <td>-0.472407</td>\n","      <td>0.796603</td>\n","      <td>0.206891</td>\n","      <td>-0.431710</td>\n","      <td>-0.585791</td>\n","    </tr>\n","    <tr>\n","      <th>1</th>\n","      <td>SRR16208932</td>\n","      <td>Pediatric_AML</td>\n","      <td>B_prog</td>\n","      <td>-5.553754</td>\n","      <td>4.568302</td>\n","      <td>-1.620732</td>\n","      <td>-0.471580</td>\n","      <td>-0.864127</td>\n","      <td>2.427597</td>\n","      <td>0.813819</td>\n","      <td>...</td>\n","      <td>-0.720072</td>\n","      <td>-0.664382</td>\n","      <td>1.463664</td>\n","      <td>-2.573327</td>\n","      <td>0.354794</td>\n","      <td>-0.441758</td>\n","      <td>0.812932</td>\n","      <td>-0.538093</td>\n","      <td>-0.313310</td>\n","      <td>-0.478668</td>\n","    </tr>\n","    <tr>\n","      <th>2</th>\n","      <td>SRR16208932</td>\n","      <td>Pediatric_AML</td>\n","      <td>CLP</td>\n","      <td>4.626499</td>\n","      <td>3.222884</td>\n","      <td>-1.639073</td>\n","      <td>0.373265</td>\n","      <td>-3.467237</td>\n","      <td>2.125864</td>\n","      <td>3.426461</td>\n","      <td>...</td>\n","      <td>4.014057</td>\n","      <td>-15.627580</td>\n","      <td>-13.765819</td>\n","      <td>-5.509414</td>\n","      <td>7.331663</td>\n","      <td>7.134823</td>\n","      <td>-4.235648</td>\n","      <td>-1.053140</td>\n","      <td>4.682926</td>\n","      <td>1.055341</td>\n","    </tr>\n","    <tr>\n","      <th>3</th>\n","      <td>SRR16208932</td>\n","      <td>Pediatric_AML</td>\n","      <td>Early GMP</td>\n","      <td>-1.759837</td>\n","      <td>6.098621</td>\n","      <td>-1.379452</td>\n","      <td>2.790820</td>\n","      <td>-3.916896</td>\n","      <td>1.683125</td>\n","      <td>0.765121</td>\n","      <td>...</td>\n","      <td>0.359933</td>\n","      <td>0.741603</td>\n","      <td>0.977658</td>\n","      <td>-0.324565</td>\n","      <td>0.517452</td>\n","      <td>-0.976356</td>\n","      <td>-0.503475</td>\n","      <td>0.370270</td>\n","      <td>1.100100</td>\n","      <td>0.156464</td>\n","    </tr>\n","    <tr>\n","      <th>4</th>\n","      <td>SRR16208932</td>\n","      <td>Pediatric_AML</td>\n","      <td>Erythroid</td>\n","      <td>-8.575211</td>\n","      <td>2.042565</td>\n","      <td>-3.060355</td>\n","      <td>3.342749</td>\n","      <td>0.942301</td>\n","      <td>-1.462913</td>\n","      <td>7.875761</td>\n","      <td>...</td>\n","      <td>-0.108303</td>\n","      <td>0.343222</td>\n","      <td>0.002711</td>\n","      <td>-0.602981</td>\n","      <td>0.852930</td>\n","      <td>-0.527701</td>\n","      <td>0.616021</td>\n","      <td>0.110478</td>\n","      <td>-0.471771</td>\n","      <td>-0.008115</td>\n","    </tr>\n","  </tbody>\n","</table>\n","<p>5 rows × 33 columns</p>\n","</div>"],"text/plain":["    patient_id            age  cell_type        PC1       PC2       PC3  \\\n","0  SRR16208932  Pediatric_AML     B cell -11.941673  4.346546  0.998468   \n","1  SRR16208932  Pediatric_AML     B_prog  -5.553754  4.568302 -1.620732   \n","2  SRR16208932  Pediatric_AML        CLP   4.626499  3.222884 -1.639073   \n","3  SRR16208932  Pediatric_AML  Early GMP  -1.759837  6.098621 -1.379452   \n","4  SRR16208932  Pediatric_AML  Erythroid  -8.575211  2.042565 -3.060355   \n","\n","        PC4       PC5       PC6       PC7  ...      PC21       PC22  \\\n","0 -2.427639  2.210926  2.572245 -1.495453  ...  0.460158   0.692598   \n","1 -0.471580 -0.864127  2.427597  0.813819  ... -0.720072  -0.664382   \n","2  0.373265 -3.467237  2.125864  3.426461  ...  4.014057 -15.627580   \n","3  2.790820 -3.916896  1.683125  0.765121  ...  0.359933   0.741603   \n","4  3.342749  0.942301 -1.462913  7.875761  ... -0.108303   0.343222   \n","\n","        PC23      PC24      PC25      PC26      PC27      PC28      PC29  \\\n","0  -0.066943 -0.115917  0.206061 -0.472407  0.796603  0.206891 -0.431710   \n","1   1.463664 -2.573327  0.354794 -0.441758  0.812932 -0.538093 -0.313310   \n","2 -13.765819 -5.509414  7.331663  7.134823 -4.235648 -1.053140  4.682926   \n","3   0.977658 -0.324565  0.517452 -0.976356 -0.503475  0.370270  1.100100   \n","4   0.002711 -0.602981  0.852930 -0.527701  0.616021  0.110478 -0.471771   \n","\n","       PC30  \n","0 -0.585791  \n","1 -0.478668  \n","2  1.055341  \n","3  0.156464  \n","4 -0.008115  \n","\n","[5 rows x 33 columns]"]},"execution_count":5,"metadata":{},"output_type":"execute_result"}],"source":["scores_df.head()"]},{"cell_type":"code","execution_count":null,"metadata":{"id":"7cq0sI4akg7e","outputId":"d9f056dd-9f5d-48cd-e392-f9630464974f"},"outputs":[{"name":"stdout","output_type":"stream","text":["Index(['Unnamed: 0', 'PC1', 'PC2', 'PC3', 'PC4', 'PC5', 'PC6', 'PC7', 'PC8',\n","       'PC9', 'PC10', 'PC11', 'PC12', 'PC13', 'PC14', 'PC15', 'PC16', 'PC17',\n","       'PC18', 'PC19', 'PC20', 'PC21', 'PC22', 'PC23', 'PC24', 'PC25', 'PC26',\n","       'PC27', 'PC28', 'PC29', 'PC30'],\n","      dtype='object')\n","Index(['genes', 'PC1', 'PC2', 'PC3', 'PC4', 'PC5', 'PC6', 'PC7', 'PC8', 'PC9',\n","       'PC10', 'PC11', 'PC12', 'PC13', 'PC14', 'PC15', 'PC16', 'PC17', 'PC18',\n","       'PC19', 'PC20', 'PC21', 'PC22', 'PC23', 'PC24', 'PC25', 'PC26', 'PC27',\n","       'PC28', 'PC29', 'PC30'],\n","      dtype='object')\n"]}],"source":["# Display the columns and rename the first one\n","print(loadings_df.columns)\n","\n","loadings_df = loadings_df.rename(columns={'Unnamed: 0': 'genes'})\n","print(loadings_df.columns)\n"]},{"cell_type":"code","execution_count":null,"metadata":{"id":"oq4T9kfrkg7f","outputId":"a6b36ea6-5bc4-4afe-e667-b7272591282e"},"outputs":[{"data":{"text/html":["<div>\n","<style scoped>\n","    .dataframe tbody tr th:only-of-type {\n","        vertical-align: middle;\n","    }\n","\n","    .dataframe tbody tr th {\n","        vertical-align: top;\n","    }\n","\n","    .dataframe thead th {\n","        text-align: right;\n","    }\n","</style>\n","<table border=\"1\" class=\"dataframe\">\n","  <thead>\n","    <tr style=\"text-align: right;\">\n","      <th></th>\n","      <th>genes</th>\n","      <th>PC1</th>\n","      <th>PC2</th>\n","      <th>PC3</th>\n","      <th>PC4</th>\n","      <th>PC5</th>\n","      <th>PC6</th>\n","      <th>PC7</th>\n","      <th>PC8</th>\n","      <th>PC9</th>\n","      <th>...</th>\n","      <th>PC21</th>\n","      <th>PC22</th>\n","      <th>PC23</th>\n","      <th>PC24</th>\n","      <th>PC25</th>\n","      <th>PC26</th>\n","      <th>PC27</th>\n","      <th>PC28</th>\n","      <th>PC29</th>\n","      <th>PC30</th>\n","    </tr>\n","  </thead>\n","  <tbody>\n","    <tr>\n","      <th>0</th>\n","      <td>MIR1302-2HG</td>\n","      <td>-4.112838e-18</td>\n","      <td>-5.568293e-17</td>\n","      <td>-5.082637e-17</td>\n","      <td>-1.407835e-16</td>\n","      <td>-1.332556e-17</td>\n","      <td>-8.414932e-17</td>\n","      <td>-1.018236e-16</td>\n","      <td>3.627997e-16</td>\n","      <td>-2.437136e-17</td>\n","      <td>...</td>\n","      <td>5.286072e-17</td>\n","      <td>5.408346e-17</td>\n","      <td>2.799740e-17</td>\n","      <td>7.706299e-17</td>\n","      <td>8.451824e-17</td>\n","      <td>5.849730e-17</td>\n","      <td>-9.073039e-17</td>\n","      <td>-6.801545e-17</td>\n","      <td>1.619604e-16</td>\n","      <td>-5.244800e-17</td>\n","    </tr>\n","    <tr>\n","      <th>1</th>\n","      <td>FAM138A</td>\n","      <td>-6.331741e-17</td>\n","      <td>4.336809e-17</td>\n","      <td>-9.020562e-17</td>\n","      <td>-1.597572e-16</td>\n","      <td>4.943962e-17</td>\n","      <td>9.671083e-17</td>\n","      <td>-2.428613e-17</td>\n","      <td>-3.469447e-18</td>\n","      <td>6.938894e-18</td>\n","      <td>...</td>\n","      <td>-1.179612e-16</td>\n","      <td>3.903128e-18</td>\n","      <td>7.632783e-17</td>\n","      <td>-5.551115e-17</td>\n","      <td>1.040834e-17</td>\n","      <td>5.903481e-17</td>\n","      <td>-9.925871e-17</td>\n","      <td>-4.857226e-17</td>\n","      <td>3.989864e-17</td>\n","      <td>-6.245005e-17</td>\n","    </tr>\n","    <tr>\n","      <th>2</th>\n","      <td>OR4F5</td>\n","      <td>-4.465181e-17</td>\n","      <td>6.150701e-17</td>\n","      <td>-7.694165e-17</td>\n","      <td>-4.027674e-17</td>\n","      <td>-1.019827e-16</td>\n","      <td>-5.135450e-18</td>\n","      <td>-5.687669e-17</td>\n","      <td>-2.921277e-19</td>\n","      <td>1.700671e-17</td>\n","      <td>...</td>\n","      <td>3.874700e-18</td>\n","      <td>-5.139569e-17</td>\n","      <td>1.648313e-16</td>\n","      <td>2.522157e-17</td>\n","      <td>8.920840e-17</td>\n","      <td>4.714523e-17</td>\n","      <td>9.462153e-17</td>\n","      <td>1.554883e-17</td>\n","      <td>1.060731e-16</td>\n","      <td>5.762924e-17</td>\n","    </tr>\n","    <tr>\n","      <th>3</th>\n","      <td>AL627309.1</td>\n","      <td>-1.253259e-17</td>\n","      <td>-4.773926e-17</td>\n","      <td>-3.142607e-17</td>\n","      <td>3.777894e-17</td>\n","      <td>2.243308e-16</td>\n","      <td>1.101191e-16</td>\n","      <td>-5.938131e-17</td>\n","      <td>1.150464e-16</td>\n","      <td>-4.028997e-17</td>\n","      <td>...</td>\n","      <td>-8.959532e-17</td>\n","      <td>4.638255e-18</td>\n","      <td>-1.371361e-17</td>\n","      <td>2.580507e-18</td>\n","      <td>2.923144e-17</td>\n","      <td>-2.168580e-17</td>\n","      <td>5.690917e-17</td>\n","      <td>-5.808644e-17</td>\n","      <td>7.216122e-17</td>\n","      <td>9.762675e-17</td>\n","    </tr>\n","    <tr>\n","      <th>4</th>\n","      <td>AL627309.3</td>\n","      <td>-3.375304e-17</td>\n","      <td>4.485008e-17</td>\n","      <td>-7.486719e-17</td>\n","      <td>-3.045501e-17</td>\n","      <td>-5.758345e-17</td>\n","      <td>-6.205900e-17</td>\n","      <td>-2.527925e-17</td>\n","      <td>2.098620e-17</td>\n","      <td>5.838512e-17</td>\n","      <td>...</td>\n","      <td>-5.034477e-17</td>\n","      <td>-8.140597e-17</td>\n","      <td>-5.604782e-18</td>\n","      <td>-3.805141e-17</td>\n","      <td>4.402742e-18</td>\n","      <td>-8.618553e-17</td>\n","      <td>-9.480672e-17</td>\n","      <td>-3.498366e-17</td>\n","      <td>-2.389776e-17</td>\n","      <td>-2.290068e-17</td>\n","    </tr>\n","  </tbody>\n","</table>\n","<p>5 rows × 31 columns</p>\n","</div>"],"text/plain":["         genes           PC1           PC2           PC3           PC4  \\\n","0  MIR1302-2HG -4.112838e-18 -5.568293e-17 -5.082637e-17 -1.407835e-16   \n","1      FAM138A -6.331741e-17  4.336809e-17 -9.020562e-17 -1.597572e-16   \n","2        OR4F5 -4.465181e-17  6.150701e-17 -7.694165e-17 -4.027674e-17   \n","3   AL627309.1 -1.253259e-17 -4.773926e-17 -3.142607e-17  3.777894e-17   \n","4   AL627309.3 -3.375304e-17  4.485008e-17 -7.486719e-17 -3.045501e-17   \n","\n","            PC5           PC6           PC7           PC8           PC9  ...  \\\n","0 -1.332556e-17 -8.414932e-17 -1.018236e-16  3.627997e-16 -2.437136e-17  ...   \n","1  4.943962e-17  9.671083e-17 -2.428613e-17 -3.469447e-18  6.938894e-18  ...   \n","2 -1.019827e-16 -5.135450e-18 -5.687669e-17 -2.921277e-19  1.700671e-17  ...   \n","3  2.243308e-16  1.101191e-16 -5.938131e-17  1.150464e-16 -4.028997e-17  ...   \n","4 -5.758345e-17 -6.205900e-17 -2.527925e-17  2.098620e-17  5.838512e-17  ...   \n","\n","           PC21          PC22          PC23          PC24          PC25  \\\n","0  5.286072e-17  5.408346e-17  2.799740e-17  7.706299e-17  8.451824e-17   \n","1 -1.179612e-16  3.903128e-18  7.632783e-17 -5.551115e-17  1.040834e-17   \n","2  3.874700e-18 -5.139569e-17  1.648313e-16  2.522157e-17  8.920840e-17   \n","3 -8.959532e-17  4.638255e-18 -1.371361e-17  2.580507e-18  2.923144e-17   \n","4 -5.034477e-17 -8.140597e-17 -5.604782e-18 -3.805141e-17  4.402742e-18   \n","\n","           PC26          PC27          PC28          PC29          PC30  \n","0  5.849730e-17 -9.073039e-17 -6.801545e-17  1.619604e-16 -5.244800e-17  \n","1  5.903481e-17 -9.925871e-17 -4.857226e-17  3.989864e-17 -6.245005e-17  \n","2  4.714523e-17  9.462153e-17  1.554883e-17  1.060731e-16  5.762924e-17  \n","3 -2.168580e-17  5.690917e-17 -5.808644e-17  7.216122e-17  9.762675e-17  \n","4 -8.618553e-17 -9.480672e-17 -3.498366e-17 -2.389776e-17 -2.290068e-17  \n","\n","[5 rows x 31 columns]"]},"execution_count":7,"metadata":{},"output_type":"execute_result"}],"source":["loadings_df.head()"]},{"cell_type":"markdown","metadata":{"id":"1ZtoVHU1kg7f"},"source":["### Test of Covariance Matrices"]},{"cell_type":"code","execution_count":null,"metadata":{"id":"xgZmkgrkkg7f","outputId":"ccca0c81-12d1-4bee-9b0c-fd53d50ebab0"},"outputs":[{"name":"stdout","output_type":"stream","text":["Covariance matrix for group Pediatric_AML:\n","[[ 1.77412734e+02 -5.63080140e+00  4.90231542e+00 -3.16863257e+00\n","   8.34240791e+00 -8.58563372e+00 -5.99650832e+00  4.52503508e+00\n","  -4.21356188e+00  6.53066358e+00  3.42531905e+00 -7.25385896e-01\n","  -9.01314176e-01 -8.63837689e-01 -4.64236387e-01  1.02977024e-01\n","   1.35733212e-01 -2.63741521e+00 -1.14179408e+00 -9.41820385e-01\n","  -1.57922765e+00 -2.09000978e+00  5.72114451e-01 -1.74491003e+00\n","   1.11733952e+00  1.14453091e+00  2.63785206e+00  5.09865765e-02\n","  -6.30636797e-01 -1.40067788e+00]\n"," [-5.63080140e+00  4.00453866e+01 -4.37721099e-01 -3.96823142e+00\n","  -7.46837805e-01  2.42670467e+00 -3.00758024e-01  1.09143614e+00\n","  -1.74024212e+00 -4.30591192e+00 -1.02632125e+00  3.12060212e+00\n","   3.21184198e+00 -1.98904426e+00  2.56793326e+00 -5.09581349e-01\n","  -1.12889674e+00  1.16793543e+00 -1.19335223e+00  3.87668951e-01\n","   3.54384789e-01  6.87461792e-01  3.63713907e-01 -2.36077893e-01\n","   2.33957921e+00  3.20780590e-01  2.37888483e+00 -3.96759437e-01\n","  -9.89725598e-01 -1.75584785e+00]\n"," [ 4.90231542e+00 -4.37721099e-01  3.20974322e+01 -2.47906590e+00\n","   2.10518765e+00 -1.22169145e-01  1.53871265e-01 -1.67369523e-01\n","   1.32326140e-01 -1.68589833e+00 -1.02336905e+00 -7.44539484e-01\n","  -2.09998116e+00  2.91418374e+00  1.62572956e-02  2.06615242e+00\n","   9.07094522e-01  1.08635042e+00 -7.70168887e-01  2.02233418e+00\n","  -2.43092122e+00  1.85874804e-01  1.13081940e-02  6.66895665e-01\n","   1.65029794e+00 -4.75406969e-01  2.55481347e+00  8.54994902e-01\n","  -1.68104692e-01 -1.07484526e+00]\n"," [-3.16863257e+00 -3.96823142e+00 -2.47906590e+00  3.02444427e+01\n","  -2.58657375e+00  1.12140905e+00 -3.11503379e+00  1.50599426e-01\n","  -4.19314527e-01 -3.33244979e+00  2.56777336e+00  2.63995412e+00\n","  -3.37744210e+00  1.81631888e-01 -3.56790004e-01  7.77655321e-01\n","   8.60635656e-01 -1.24337472e-01 -3.18336580e-02 -1.32753672e+00\n","  -9.15664783e-01 -4.21160841e-01  2.23219897e-02 -1.30720224e+00\n","  -5.19698245e-01 -5.20214354e-02 -2.04935853e-01  5.97389904e-01\n","   9.70738529e-02  2.35938041e-01]\n"," [ 8.34240791e+00 -7.46837805e-01  2.10518765e+00 -2.58657375e+00\n","   1.39633439e+01 -1.48756841e-01  4.26963046e-01 -7.93439119e-01\n","  -5.02147732e-01  4.77272458e+00 -2.75078144e-01 -5.17323999e-01\n","  -2.06564402e+00  6.54217531e-01 -1.55315731e-01 -5.04178094e-01\n","  -1.33094330e+00 -1.62292222e-01 -5.00576704e-01  1.13411176e+00\n","  -5.53385029e-03 -1.65820415e-01  5.78921519e-01 -7.87599864e-01\n","   3.30870239e-02 -4.49884013e-01  3.01759096e-01  2.14846082e-01\n","  -1.03313548e+00  1.10000136e+00]\n"," [-8.58563372e+00  2.42670467e+00 -1.22169145e-01  1.12140905e+00\n","  -1.48756841e-01  1.64564751e+01 -1.38210358e-01  6.11923487e-01\n","   5.41453971e-01 -2.78340491e+00  5.86206424e-01  7.01962536e-01\n","   4.49149557e-01 -1.59980361e-01 -1.68181327e-01  2.02118952e-01\n","  -1.28602057e+00 -1.11480687e+00 -9.23026182e-02  2.17513723e-01\n","  -5.15889766e-01 -5.27817271e-01  4.10310635e-01  1.53696400e-01\n","  -4.83722596e-01 -1.99153240e-01 -7.50644929e-01 -2.47499228e-01\n","  -3.29687717e-01 -8.52474792e-02]\n"," [-5.99650832e+00 -3.00758024e-01  1.53871265e-01 -3.11503379e+00\n","   4.26963046e-01 -1.38210358e-01  1.36462218e+01  1.18123666e+00\n","   2.37330691e-01 -2.42856957e+00 -9.36708885e-02 -1.70678427e+00\n","   5.20869947e-01  1.23809659e-01 -3.31182997e-02  6.73877500e-01\n","  -1.61380959e-01  3.55468316e-01 -3.75977499e-01  1.04610526e+00\n","   1.75189942e-01  1.66169635e-01  9.31022067e-01  1.39969786e-01\n","   8.00642251e-01 -2.03713989e-01 -4.65178032e-01 -4.45313674e-01\n","   3.73316634e-03  1.68442048e-01]\n"," [ 4.52503508e+00  1.09143614e+00 -1.67369523e-01  1.50599426e-01\n","  -7.93439119e-01  6.11923487e-01  1.18123666e+00  1.01249260e+01\n","  -3.70625227e-01  2.53328770e+00 -3.82438625e-01 -1.02505121e-01\n","  -9.14104663e-01  2.77642100e-01  1.79209108e-01  7.32712181e-02\n","   5.61035787e-01 -1.61211584e-01  6.97695759e-02 -9.28161058e-01\n","   1.08597781e-01 -1.45032792e-01 -4.54872347e-01  2.06031606e-01\n","   3.80677034e-03  3.79494234e-01  2.87454229e-01  3.59644456e-01\n","   3.56268830e-02 -1.08171756e+00]\n"," [-4.21356188e+00 -1.74024212e+00  1.32326140e-01 -4.19314527e-01\n","  -5.02147732e-01  5.41453971e-01  2.37330691e-01 -3.70625227e-01\n","   1.02750933e+01 -4.18783488e-02  1.11880362e+00 -5.32806659e-01\n","   3.67426214e-01  5.17782074e-01  9.74984958e-02  2.41641144e-01\n","  -4.89609539e-01  9.82000032e-01  7.01123106e-01  7.22966882e-02\n","   1.74192831e-01 -1.01302447e-02  1.58778449e-01 -3.31631822e-02\n","   2.40160291e-02  4.64541093e-01 -5.76469661e-01 -9.14096811e-02\n","   1.07009831e-01  1.90869461e-01]\n"," [ 6.53066358e+00 -4.30591192e+00 -1.68589833e+00 -3.33244979e+00\n","   4.77272458e+00 -2.78340491e+00 -2.42856957e+00  2.53328770e+00\n","  -4.18783488e-02  7.99332151e+00 -1.31871862e+00 -6.03564650e-02\n","   5.80994489e-01 -7.35288380e-01 -3.19475530e-01 -2.12915758e-01\n","  -2.57522355e-01 -2.57581484e-01 -2.36274916e-01 -2.65464839e-01\n","   2.69717676e-01 -2.13664458e-01  7.29495301e-01  3.89198608e-01\n","  -1.63895765e-01 -3.80008652e-01 -3.53283631e-03 -6.12708165e-01\n","   2.34739338e-01  2.41343714e-01]\n"," [ 3.42531905e+00 -1.02632125e+00 -1.02336905e+00  2.56777336e+00\n","  -2.75078144e-01  5.86206424e-01 -9.36708885e-02 -3.82438625e-01\n","   1.11880362e+00 -1.31871862e+00  8.30077525e+00 -2.19934852e+00\n","  -7.84780523e-01 -1.00947157e+00  1.12537896e-01  4.12924244e-01\n","   1.45612180e+00  2.63379896e-01 -1.40328226e+00  3.11141649e-01\n","  -2.06606101e-01 -3.05338514e-02  1.44124386e-01 -2.85655233e-01\n","  -4.86073083e-01  5.35079400e-02  1.18840757e-01  2.68194876e-01\n","  -2.36544404e-02 -1.21088883e-01]\n"," [-7.25385896e-01  3.12060212e+00 -7.44539484e-01  2.63995412e+00\n","  -5.17323999e-01  7.01962536e-01 -1.70678427e+00 -1.02505121e-01\n","  -5.32806659e-01 -6.03564650e-02 -2.19934852e+00  6.03656598e+00\n","  -1.08734459e+00 -2.14225007e+00 -1.27593834e-01  5.33654310e-01\n","  -8.77646964e-01 -2.93112360e-01  4.84333293e-01  6.27280014e-02\n","   3.08159142e-02 -1.71403264e-01 -4.94351777e-01  5.54697823e-02\n","  -3.84799109e-03  1.52399644e-01  4.10112548e-01 -1.03265440e-01\n","  -2.53828561e-01  6.43647662e-02]\n"," [-9.01314176e-01  3.21184198e+00 -2.09998116e+00 -3.37744210e+00\n","  -2.06564402e+00  4.49149557e-01  5.20869947e-01 -9.14104663e-01\n","   3.67426214e-01  5.80994489e-01 -7.84780523e-01 -1.08734459e+00\n","   4.21766604e+00 -1.30487453e+00  1.30940859e-01 -2.90848744e-01\n","   1.29271495e-01  9.37882575e-01 -3.77147947e-01  2.06413499e-01\n","   4.29398405e-01 -4.62597033e-01  7.92293501e-01  1.27531268e-01\n","  -3.49641710e-01  2.06359540e-01  1.38502613e-01  1.93648993e-01\n","  -1.61088618e-02 -2.40766267e-01]\n"," [-8.63837689e-01 -1.98904426e+00  2.91418374e+00  1.81631888e-01\n","   6.54217531e-01 -1.59980361e-01  1.23809659e-01  2.77642100e-01\n","   5.17782074e-01 -7.35288380e-01 -1.00947157e+00 -2.14225007e+00\n","  -1.30487453e+00  2.91586493e+00  5.80992867e-01  4.43462848e-01\n","  -2.44272015e-01 -3.20096317e-01  4.66145936e-01 -1.43047911e-01\n","  -3.25529052e-01  3.60302321e-01 -4.58421629e-01  3.09085724e-02\n","   5.53612530e-01 -1.54442661e-01 -2.70780464e-01 -2.85248081e-01\n","  -1.50010046e-01  8.19504887e-02]\n"," [-4.64236387e-01  2.56793326e+00  1.62572956e-02 -3.56790004e-01\n","  -1.55315731e-01 -1.68181327e-01 -3.31182997e-02  1.79209108e-01\n","   9.74984958e-02 -3.19475530e-01  1.12537896e-01 -1.27593834e-01\n","   1.30940859e-01  5.80992867e-01  3.83992515e+00  9.90476983e-03\n","  -4.87463708e-01  4.81977427e-01  7.93483332e-03 -5.19081387e-01\n","   2.36190849e-01  2.30001733e-01  4.63181166e-01  1.61043620e-01\n","   6.53347780e-02 -5.75193084e-01  3.79225862e-01  9.09622629e-02\n","  -2.75404259e-01  5.92694487e-02]\n"," [ 1.02977024e-01 -5.09581349e-01  2.06615242e+00  7.77655321e-01\n","  -5.04178094e-01  2.02118952e-01  6.73877500e-01  7.32712181e-02\n","   2.41641144e-01 -2.12915758e-01  4.12924244e-01  5.33654310e-01\n","  -2.90848744e-01  4.43462848e-01  9.90476983e-03  3.81792295e+00\n","  -1.62478321e-01 -4.54064684e-01  4.90141198e-01  3.88609302e-01\n","  -3.00237056e-01  3.20692172e-01  1.50121285e-01 -2.44128665e-01\n","   3.88138224e-02  1.36755665e-01  2.59929029e-01 -4.40317157e-01\n","   9.21507866e-02 -2.33837793e-02]\n"," [ 1.35733212e-01 -1.12889674e+00  9.07094522e-01  8.60635656e-01\n","  -1.33094330e+00 -1.28602057e+00 -1.61380959e-01  5.61035787e-01\n","  -4.89609539e-01 -2.57522355e-01  1.45612180e+00 -8.77646964e-01\n","   1.29271495e-01 -2.44272015e-01 -4.87463708e-01 -1.62478321e-01\n","   2.44329883e+00 -1.94459882e-01  4.14370278e-02 -3.38720996e-01\n","   1.15316257e-01  1.24150592e-01  5.07339483e-01 -4.13498633e-01\n","  -8.15874877e-02  1.04075142e-01  2.57342343e-01  3.02678092e-01\n","  -4.52567218e-02 -1.25091621e-01]\n"," [-2.63741521e+00  1.16793543e+00  1.08635042e+00 -1.24337472e-01\n","  -1.62292222e-01 -1.11480687e+00  3.55468316e-01 -1.61211584e-01\n","   9.82000032e-01 -2.57581484e-01  2.63379896e-01 -2.93112360e-01\n","   9.37882575e-01 -3.20096317e-01  4.81977427e-01 -4.54064684e-01\n","  -1.94459882e-01  2.24916796e+00 -5.29806637e-01  6.57428578e-01\n","  -3.57890504e-01  5.41895856e-02 -3.54550713e-01 -2.91003159e-01\n","  -3.24357777e-01  4.96814088e-02  3.19112149e-01  4.70053468e-01\n","  -9.47056210e-02  1.98315493e-01]\n"," [-1.14179408e+00 -1.19335223e+00 -7.70168887e-01 -3.18336580e-02\n","  -5.00576704e-01 -9.23026182e-02 -3.75977499e-01  6.97695759e-02\n","   7.01123106e-01 -2.36274916e-01 -1.40328226e+00  4.84333293e-01\n","  -3.77147947e-01  4.66145936e-01  7.93483332e-03  4.90141198e-01\n","   4.14370278e-02 -5.29806637e-01  2.38957356e+00  3.04646358e-01\n","  -6.04543562e-01  6.27560630e-01  7.08729657e-01  2.00643776e-01\n","  -5.47968557e-01  1.57890856e-01 -5.06584361e-02 -1.48473986e-02\n","  -4.52626965e-02  4.54371178e-02]\n"," [-9.41820385e-01  3.87668951e-01  2.02233418e+00 -1.32753672e+00\n","   1.13411176e+00  2.17513723e-01  1.04610526e+00 -9.28161058e-01\n","   7.22966882e-02 -2.65464839e-01  3.11141649e-01  6.27280014e-02\n","   2.06413499e-01 -1.43047911e-01 -5.19081387e-01  3.88609302e-01\n","  -3.38720996e-01  6.57428578e-01  3.04646358e-01  3.50538722e+00\n","   2.85561072e-01 -3.45996204e-01 -6.36410676e-01 -4.68175907e-02\n","  -3.38353222e-01  8.69691828e-02  5.37301209e-01 -2.74696084e-01\n","   1.28350111e-01  1.74251088e-02]\n"," [-1.57922765e+00  3.54384789e-01 -2.43092122e+00 -9.15664783e-01\n","  -5.53385029e-03 -5.15889766e-01  1.75189942e-01  1.08597781e-01\n","   1.74192831e-01  2.69717676e-01 -2.06606101e-01  3.08159142e-02\n","   4.29398405e-01 -3.25529052e-01  2.36190849e-01 -3.00237056e-01\n","   1.15316257e-01 -3.57890504e-01 -6.04543562e-01  2.85561072e-01\n","   2.66493947e+00  5.33092629e-02 -5.52453424e-01 -5.07178908e-01\n","  -4.04989162e-01 -3.02606146e-01 -3.37238092e-01 -1.56363424e-01\n","  -1.94098291e-01 -1.45463333e-03]\n"," [-2.09000978e+00  6.87461792e-01  1.85874804e-01 -4.21160841e-01\n","  -1.65820415e-01 -5.27817271e-01  1.66169635e-01 -1.45032792e-01\n","  -1.01302447e-02 -2.13664458e-01 -3.05338514e-02 -1.71403264e-01\n","  -4.62597033e-01  3.60302321e-01  2.30001733e-01  3.20692172e-01\n","   1.24150592e-01  5.41895856e-02  6.27560630e-01 -3.45996204e-01\n","   5.33092629e-02  3.39007980e+00  6.10427648e-01  1.51268226e-01\n","  -3.69917741e-01 -2.71255398e-01  6.18258817e-01 -2.29617239e-01\n","  -1.58668390e-01  1.91724849e-01]\n"," [ 5.72114451e-01  3.63713907e-01  1.13081940e-02  2.23219897e-02\n","   5.78921519e-01  4.10310635e-01  9.31022067e-01 -4.54872347e-01\n","   1.58778449e-01  7.29495301e-01  1.44124386e-01 -4.94351777e-01\n","   7.92293501e-01 -4.58421629e-01  4.63181166e-01  1.50121285e-01\n","   5.07339483e-01 -3.54550713e-01  7.08729657e-01 -6.36410676e-01\n","  -5.52453424e-01  6.10427648e-01  2.59450997e+00  6.23482083e-01\n","  -2.30627983e-01  9.12430996e-02 -1.74254779e-02  6.05187656e-02\n","  -8.73533060e-02 -2.94831718e-01]\n"," [-1.74491003e+00 -2.36077893e-01  6.66895665e-01 -1.30720224e+00\n","  -7.87599864e-01  1.53696400e-01  1.39969786e-01  2.06031606e-01\n","  -3.31631822e-02  3.89198608e-01 -2.85655233e-01  5.54697823e-02\n","   1.27531268e-01  3.09085724e-02  1.61043620e-01 -2.44128665e-01\n","  -4.13498633e-01 -2.91003159e-01  2.00643776e-01 -4.68175907e-02\n","  -5.07178908e-01  1.51268226e-01  6.23482083e-01  2.16448721e+00\n","   9.88858375e-02  2.52690477e-01 -4.79654830e-01  2.99123569e-01\n","  -3.31190121e-01  9.29564976e-02]\n"," [ 1.11733952e+00  2.33957921e+00  1.65029794e+00 -5.19698245e-01\n","   3.30870239e-02 -4.83722596e-01  8.00642251e-01  3.80677034e-03\n","   2.40160291e-02 -1.63895765e-01 -4.86073083e-01 -3.84799109e-03\n","  -3.49641710e-01  5.53612530e-01  6.53347780e-02  3.88138224e-02\n","  -8.15874877e-02 -3.24357777e-01 -5.47968557e-01 -3.38353222e-01\n","  -4.04989162e-01 -3.69917741e-01 -2.30627983e-01  9.88858375e-02\n","   3.50091720e+00 -4.39611812e-03 -4.84405478e-01  7.01375076e-02\n","   6.77716401e-02  1.69294788e-01]\n"," [ 1.14453091e+00  3.20780590e-01 -4.75406969e-01 -5.20214354e-02\n","  -4.49884013e-01 -1.99153240e-01 -2.03713989e-01  3.79494234e-01\n","   4.64541093e-01 -3.80008652e-01  5.35079400e-02  1.52399644e-01\n","   2.06359540e-01 -1.54442661e-01 -5.75193084e-01  1.36755665e-01\n","   1.04075142e-01  4.96814088e-02  1.57890856e-01  8.69691828e-02\n","  -3.02606146e-01 -2.71255398e-01  9.12430996e-02  2.52690477e-01\n","  -4.39611812e-03  3.93075675e+00 -6.37719325e-02 -1.72013031e-01\n","  -6.27550762e-02  1.72929476e-01]\n"," [ 2.63785206e+00  2.37888483e+00  2.55481347e+00 -2.04935853e-01\n","   3.01759096e-01 -7.50644929e-01 -4.65178032e-01  2.87454229e-01\n","  -5.76469661e-01 -3.53283631e-03  1.18840757e-01  4.10112548e-01\n","   1.38502613e-01 -2.70780464e-01  3.79225862e-01  2.59929029e-01\n","   2.57342343e-01  3.19112149e-01 -5.06584361e-02  5.37301209e-01\n","  -3.37238092e-01  6.18258817e-01 -1.74254779e-02 -4.79654830e-01\n","  -4.84405478e-01 -6.37719325e-02  1.97897624e+00 -3.00977629e-01\n","  -1.09080549e-01  2.15779221e-01]\n"," [ 5.09865765e-02 -3.96759437e-01  8.54994902e-01  5.97389904e-01\n","   2.14846082e-01 -2.47499228e-01 -4.45313674e-01  3.59644456e-01\n","  -9.14096811e-02 -6.12708165e-01  2.68194876e-01 -1.03265440e-01\n","   1.93648993e-01 -2.85248081e-01  9.09622629e-02 -4.40317157e-01\n","   3.02678092e-01  4.70053468e-01 -1.48473986e-02 -2.74696084e-01\n","  -1.56363424e-01 -2.29617239e-01  6.05187656e-02  2.99123569e-01\n","   7.01375076e-02 -1.72013031e-01 -3.00977629e-01  2.66544551e+00\n","  -7.00207094e-01  5.39686002e-02]\n"," [-6.30636797e-01 -9.89725598e-01 -1.68104692e-01  9.70738529e-02\n","  -1.03313548e+00 -3.29687717e-01  3.73316634e-03  3.56268830e-02\n","   1.07009831e-01  2.34739338e-01 -2.36544404e-02 -2.53828561e-01\n","  -1.61088618e-02 -1.50010046e-01 -2.75404259e-01  9.21507866e-02\n","  -4.52567218e-02 -9.47056210e-02 -4.52626965e-02  1.28350111e-01\n","  -1.94098291e-01 -1.58668390e-01 -8.73533060e-02 -3.31190121e-01\n","   6.77716401e-02 -6.27550762e-02 -1.09080549e-01 -7.00207094e-01\n","   2.76975425e+00 -1.32778703e-01]\n"," [-1.40067788e+00 -1.75584785e+00 -1.07484526e+00  2.35938041e-01\n","   1.10000136e+00 -8.52474792e-02  1.68442048e-01 -1.08171756e+00\n","   1.90869461e-01  2.41343714e-01 -1.21088883e-01  6.43647662e-02\n","  -2.40766267e-01  8.19504887e-02  5.92694487e-02 -2.33837793e-02\n","  -1.25091621e-01  1.98315493e-01  4.54371178e-02  1.74251088e-02\n","  -1.45463333e-03  1.91724849e-01 -2.94831718e-01  9.29564976e-02\n","   1.69294788e-01  1.72929476e-01  2.15779221e-01  5.39686002e-02\n","  -1.32778703e-01  2.70165215e+00]] \n","\n","Covariance matrix for group CNTRL:\n","[[ 5.49369220e+01 -7.88897585e+00 -4.13262787e+00  5.41175052e+00\n","  -1.06054035e+00  1.19484577e+01  1.33940119e+01 -8.35479094e+00\n","   3.36252525e+00  1.47197706e+00 -3.30859337e+00  3.06275372e+00\n","   3.07621904e+00 -1.27306047e+00  5.11142182e+00 -4.66598312e+00\n","   5.38578630e+00 -6.86137937e-02  1.56067461e+00 -1.41806781e+00\n","  -3.33704363e+00  2.20260976e+00 -5.32735947e+00  8.61648645e-02\n","  -9.14229961e-01  5.99274595e-02  6.17495215e-01 -4.81953108e-01\n","   5.33788483e-01 -8.13949045e-01]\n"," [-7.88897585e+00  9.21615872e+00 -6.46535617e+00 -1.48231841e+00\n","   2.21405492e-01 -1.95686528e+00 -3.18042477e+00  2.51972008e+00\n","   2.53581642e+00 -3.26627993e-01 -4.66770915e-01 -2.06431307e+00\n","  -1.48049581e+00 -5.23010365e-01 -1.56698971e+00 -8.52856190e-02\n","   5.55906373e-01 -1.01838662e+00  1.60107089e+00  2.78188088e-01\n","  -6.62613953e-01 -7.20917008e-01 -6.77280938e-01  2.18157981e-01\n","   3.82654629e-01 -6.79188679e-01  4.84919908e-01 -1.51431057e-01\n","  -5.09652875e-01  5.85709313e-01]\n"," [-4.13262787e+00 -6.46535617e+00  3.01689269e+01  8.44738982e-01\n","  -2.87517757e+00  1.23043070e+00  2.80331276e-01 -3.31652668e-01\n","   1.60230323e+00  8.45469245e-02 -3.04475855e+00  2.32948722e+00\n","  -1.92952706e-03 -2.01390946e-01  1.73204895e-02 -5.69889318e-01\n","   1.45050979e+00 -4.97354089e-01 -3.83750889e+00 -1.38705007e+00\n","   3.05661545e+00 -1.40396048e+00  2.13137029e+00  1.70009734e+00\n","  -2.34072287e+00  4.65005070e-01  5.22336141e-02  6.85375742e-01\n","   1.83131214e+00  7.24465274e-01]\n"," [ 5.41175052e+00 -1.48231841e+00  8.44738982e-01  2.43957418e+01\n","  -1.70839842e+00 -2.43104986e+00  1.31259999e+00  9.33414675e-01\n","   1.52010073e+00  7.99172103e-01 -4.75102487e+00 -3.12547789e+00\n","   1.28916881e+00 -1.02286082e+00 -8.48495271e-01 -2.32721609e+00\n","  -2.32116948e+00  1.98377119e+00 -1.44757594e+00  1.36772329e+00\n","   6.92531844e-01  3.05733082e-01  2.26844753e+00  5.50157731e-01\n","   9.08383354e-01 -5.11749559e-01  1.01677380e+00 -1.67894380e+00\n","  -4.75766003e-01 -2.02994995e-01]\n"," [-1.06054035e+00  2.21405492e-01 -2.87517757e+00 -1.70839842e+00\n","   6.62280875e+00  2.48181148e+00  1.35177638e+00 -7.00214544e-01\n","   3.13805582e-01 -4.14384915e-02  5.45073803e-01 -1.18137105e-01\n","  -1.95512666e+00 -7.53170473e-01 -5.71181516e-03 -2.43287954e-01\n","  -1.63020365e+00  3.08055817e-01  1.88733664e-02 -1.62391498e-01\n","  -7.47070258e-02  7.27193947e-01  7.30724560e-01 -1.65243928e+00\n","   2.61544357e-01  5.50640814e-01 -6.68315752e-01  9.65827871e-01\n","   3.10447872e-01 -4.94316506e-01]\n"," [ 1.19484577e+01 -1.95686528e+00  1.23043070e+00 -2.43104986e+00\n","   2.48181148e+00  1.23971179e+01  1.18097691e+00  2.38300737e-01\n","  -3.14854215e-01  3.85612757e-01 -7.09905633e-01 -8.69425701e-01\n","   1.60007570e-01 -6.80589557e-01  1.28341374e+00 -7.72606570e-01\n","   1.02177319e+00 -9.72132848e-01 -2.56879303e-01 -6.60216258e-01\n","  -2.45655634e-01  1.77881557e-01 -5.73550410e-01 -8.49630039e-01\n","  -5.94661328e-01  1.24034747e-01  4.41562477e-01  2.22460895e-01\n","   5.60081575e-01  1.25746502e-01]\n"," [ 1.33940119e+01 -3.18042477e+00  2.80331276e-01  1.31259999e+00\n","   1.35177638e+00  1.18097691e+00  9.29459338e+00 -2.40583210e+00\n","   1.71846330e+00  5.81203443e-01  1.76507389e-01  2.96471348e+00\n","   7.58606359e-01  1.69099300e-01  7.73168171e-01 -9.78158122e-01\n","   6.01104045e-01 -2.34597984e-01 -5.24635527e-01 -1.68584602e+00\n","  -6.93021570e-01  9.22818852e-01 -1.93669512e+00  7.49066354e-01\n","  -9.02054868e-01 -3.19862532e-02 -7.90560757e-02 -2.65292944e-02\n","   3.41116510e-01 -1.81080731e-01]\n"," [-8.35479094e+00  2.51972008e+00 -3.31652668e-01  9.33414675e-01\n","  -7.00214544e-01  2.38300737e-01 -2.40583210e+00  6.90824983e+00\n","   8.51557804e-01  8.43294422e-01  9.43774599e-01 -1.06076184e+00\n","   3.18898967e-01  1.07351578e+00 -7.42879299e-02  2.87761201e-01\n","  -8.98540067e-01  7.18208834e-01  5.07411017e-01  6.15140072e-01\n","   3.62183125e-01 -6.04694153e-01  6.87092815e-01 -1.70943255e-01\n","   1.25864565e-01 -2.15352146e-01  2.86939518e-01 -3.46894716e-01\n","  -2.00546771e-02  7.89761354e-01]\n"," [ 3.36252525e+00  2.53581642e+00  1.60230323e+00  1.52010073e+00\n","   3.13805582e-01 -3.14854215e-01  1.71846330e+00  8.51557804e-01\n","   6.68714993e+00  1.06931182e+00 -9.80389032e-01  7.20954916e-01\n","  -3.06926817e-01 -1.20798450e+00  2.16020423e-01  5.83466531e-01\n","   1.27456580e+00 -5.24074357e-01  3.44455295e-01 -7.80379428e-01\n","   2.89845491e-01 -3.10227614e-01 -8.00508550e-01 -1.31573757e-01\n","   1.06754687e-01 -4.38127477e-01  6.06617211e-01  1.98875459e-01\n","  -2.26870601e-01  3.45572522e-01]\n"," [ 1.47197706e+00 -3.26627993e-01  8.45469245e-02  7.99172103e-01\n","  -4.14384915e-02  3.85612757e-01  5.81203443e-01  8.43294422e-01\n","   1.06931182e+00  8.07963889e-01  4.14859109e-01  8.08981734e-01\n","   7.71291760e-01  4.34964795e-01 -1.88372525e-01  2.88217210e-01\n","  -2.53083801e-01  4.98337365e-01  7.52115988e-03 -1.88884392e-01\n","  -2.45990301e-01  1.40825320e-01 -1.42797357e-01 -1.97003435e-01\n","  -6.66463787e-02 -1.63394621e-01  4.06161240e-02  1.81916055e-01\n","   1.01796503e-01 -5.61669098e-02]\n"," [-3.30859337e+00 -4.66770915e-01 -3.04475855e+00 -4.75102487e+00\n","   5.45073803e-01 -7.09905633e-01  1.76507389e-01  9.43774599e-01\n","  -9.80389032e-01  4.14859109e-01  5.70008737e+00  3.99388744e+00\n","   1.02813690e+00  3.52467567e+00 -3.31957163e-01 -1.66196339e-01\n","  -5.19879543e-01 -2.50321554e-01  6.17088953e-01  4.13934064e-01\n","   5.25136462e-02  3.96436703e-03  5.83310453e-01  1.79519617e-01\n","   5.34736102e-01 -1.51505378e-01 -9.21352508e-02 -4.63761651e-02\n","   9.85609216e-03 -6.43658064e-02]\n"," [ 3.06275372e+00 -2.06431307e+00  2.32948722e+00 -3.12547789e+00\n","  -1.18137105e-01 -8.69425701e-01  2.96471348e+00 -1.06076184e+00\n","   7.20954916e-01  8.08981734e-01  3.99388744e+00  6.70126506e+00\n","   2.14955253e+00  4.27946387e+00 -1.40271911e-01 -1.32815713e+00\n","   8.37361881e-01 -2.45587924e-01  1.11596466e-01 -6.29815416e-01\n","   4.66750420e-01  3.24380293e-01  2.16845208e-01 -2.62582196e-02\n","  -5.40952047e-02 -4.52427748e-02 -6.57557803e-02  6.27096447e-01\n","   8.06794231e-01  4.68494286e-02]\n"," [ 3.07621904e+00 -1.48049581e+00 -1.92952706e-03  1.28916881e+00\n","  -1.95512666e+00  1.60007570e-01  7.58606359e-01  3.18898967e-01\n","  -3.06926817e-01  7.71291760e-01  1.02813690e+00  2.14955253e+00\n","   3.85695506e+00  3.58425647e+00 -1.48024265e+00  5.87709961e-02\n","  -2.45660155e-01  5.87306948e-01  6.65685475e-02 -5.55145491e-01\n","  -4.69334383e-01 -3.06746025e-01  1.47395716e-01 -6.55986899e-01\n","  -1.72895160e-01 -4.67747756e-01  2.53539931e-01 -1.49614036e-01\n","  -1.58587610e-01  2.48901975e-01]\n"," [-1.27306047e+00 -5.23010365e-01 -2.01390946e-01 -1.02286082e+00\n","  -7.53170473e-01 -6.80589557e-01  1.69099300e-01  1.07351578e+00\n","  -1.20798450e+00  4.34964795e-01  3.52467567e+00  4.27946387e+00\n","   3.58425647e+00  8.34432485e+00 -1.15140061e+00 -1.48040635e+00\n","  -1.34714039e+00 -2.05169216e-01  4.97644356e-01 -1.93746210e-01\n","   4.29079630e-01 -4.42176673e-01  7.43939242e-01 -8.03980768e-01\n","  -4.16364818e-01  9.16616389e-02  1.54017760e-01  4.32206560e-03\n","  -3.04151123e-02  3.50740131e-02]\n"," [ 5.11142182e+00 -1.56698971e+00  1.73204895e-02 -8.48495271e-01\n","  -5.71181516e-03  1.28341374e+00  7.73168171e-01 -7.42879299e-02\n","   2.16020423e-01 -1.88372525e-01 -3.31957163e-01 -1.40271911e-01\n","  -1.48024265e+00 -1.15140061e+00  5.57532993e+00 -6.94738143e-02\n","   9.24912082e-01 -3.46352110e-02  9.84176931e-01  1.57602171e-01\n","   3.93369294e-01 -8.36200472e-01 -1.25233703e-01 -4.27140618e-01\n","  -9.40649342e-02  6.87767017e-01  1.45647977e-01  1.74573162e-01\n","   6.66234356e-01  1.37109828e-01]\n"